<!DOCTYPE html>
<!-- Generated by pkgdown: do not edit by hand --><html lang="en"><head><meta http-equiv="Content-Type" content="text/html; charset=UTF-8"><meta charset="utf-8"><meta http-equiv="X-UA-Compatible" content="IE=edge"><meta name="viewport" content="width=device-width, initial-scale=1, shrink-to-fit=no"><meta name="description" content="A dataset containing Grantham distances in the format of a matrix. These
values were obtained from Table 2,  Grantham (1974),
doi: 10.1126/science.185.4154.862
."><title>Grantham distance matrix — grantham_distances_matrix • grantham</title><!-- favicons --><link rel="icon" type="image/png" sizes="16x16" href="../favicon-16x16.png"><link rel="icon" type="image/png" sizes="32x32" href="../favicon-32x32.png"><link rel="apple-touch-icon" type="image/png" sizes="180x180" href="../apple-touch-icon.png"><link rel="apple-touch-icon" type="image/png" sizes="120x120" href="../apple-touch-icon-120x120.png"><link rel="apple-touch-icon" type="image/png" sizes="76x76" href="../apple-touch-icon-76x76.png"><link rel="apple-touch-icon" type="image/png" sizes="60x60" href="../apple-touch-icon-60x60.png"><script src="../deps/jquery-3.6.0/jquery-3.6.0.min.js"></script><meta name="viewport" content="width=device-width, initial-scale=1, shrink-to-fit=no"><link href="../deps/bootstrap-5.1.0/bootstrap.min.css" rel="stylesheet"><script src="../deps/bootstrap-5.1.0/bootstrap.bundle.min.js"></script><!-- Font Awesome icons --><link rel="stylesheet" href="https://cdnjs.cloudflare.com/ajax/libs/font-awesome/5.12.1/css/all.min.css" integrity="sha256-mmgLkCYLUQbXn0B1SRqzHar6dCnv9oZFPEC1g1cwlkk=" crossorigin="anonymous"><link rel="stylesheet" href="https://cdnjs.cloudflare.com/ajax/libs/font-awesome/5.12.1/css/v4-shims.min.css" integrity="sha256-wZjR52fzng1pJHwx4aV2AO3yyTOXrcDW7jBpJtTwVxw=" crossorigin="anonymous"><!-- bootstrap-toc --><script src="https://cdn.rawgit.com/afeld/bootstrap-toc/v1.0.1/dist/bootstrap-toc.min.js"></script><!-- headroom.js --><script src="https://cdnjs.cloudflare.com/ajax/libs/headroom/0.11.0/headroom.min.js" integrity="sha256-AsUX4SJE1+yuDu5+mAVzJbuYNPHj/WroHuZ8Ir/CkE0=" crossorigin="anonymous"></script><script src="https://cdnjs.cloudflare.com/ajax/libs/headroom/0.11.0/jQuery.headroom.min.js" integrity="sha256-ZX/yNShbjqsohH1k95liqY9Gd8uOiE1S4vZc+9KQ1K4=" crossorigin="anonymous"></script><!-- clipboard.js --><script src="https://cdnjs.cloudflare.com/ajax/libs/clipboard.js/2.0.6/clipboard.min.js" integrity="sha256-inc5kl9MA1hkeYUt+EC3BhlIgyp/2jDIyBLS6k3UxPI=" crossorigin="anonymous"></script><!-- search --><script src="https://cdnjs.cloudflare.com/ajax/libs/fuse.js/6.4.6/fuse.js" integrity="sha512-zv6Ywkjyktsohkbp9bb45V6tEMoWhzFzXis+LrMehmJZZSys19Yxf1dopHx7WzIKxr5tK2dVcYmaCk2uqdjF4A==" crossorigin="anonymous"></script><script src="https://cdnjs.cloudflare.com/ajax/libs/autocomplete.js/0.38.0/autocomplete.jquery.min.js" integrity="sha512-GU9ayf+66Xx2TmpxqJpliWbT5PiGYxpaG8rfnBEk1LL8l1KGkRShhngwdXK1UgqhAzWpZHSiYPc09/NwDQIGyg==" crossorigin="anonymous"></script><script src="https://cdnjs.cloudflare.com/ajax/libs/mark.js/8.11.1/mark.min.js" integrity="sha512-5CYOlHXGh6QpOFA/TeTylKLWfB3ftPsde7AnmhuitiTX4K5SqCLBeKro6sPS8ilsz1Q4NRx3v8Ko2IBiszzdww==" crossorigin="anonymous"></script><!-- pkgdown --><script src="../pkgdown.js"></script><meta property="og:title" content="Grantham distance matrix — grantham_distances_matrix"><meta property="og:description" content="A dataset containing Grantham distances in the format of a matrix. These
values were obtained from Table 2,  Grantham (1974),
doi: 10.1126/science.185.4154.862
."><meta property="og:image" content="https://maialab.org/grantham/logo.svg"><!-- mathjax --><script src="https://cdnjs.cloudflare.com/ajax/libs/mathjax/2.7.5/MathJax.js" integrity="sha256-nvJJv9wWKEm88qvoQl9ekL2J+k/RWIsaSScxxlsrv8k=" crossorigin="anonymous"></script><script src="https://cdnjs.cloudflare.com/ajax/libs/mathjax/2.7.5/config/TeX-AMS-MML_HTMLorMML.js" integrity="sha256-84DKXVJXs0/F8OTMzX4UR909+jtl4G7SPypPavF+GfA=" crossorigin="anonymous"></script><!--[if lt IE 9]>
<script src="https://oss.maxcdn.com/html5shiv/3.7.3/html5shiv.min.js"></script>
<script src="https://oss.maxcdn.com/respond/1.4.2/respond.min.js"></script>
<![endif]--></head><body>
    <a href="#main" class="visually-hidden-focusable">Skip to contents</a>
    

    <nav class="navbar fixed-top navbar-light navbar-expand-lg bg-light"><div class="container">
    
    <a class="navbar-brand me-2" href="../index.html">grantham</a>

    <small class="nav-text text-muted me-auto" data-bs-toggle="tooltip" data-bs-placement="bottom" title="">0.1.1</small>

    
    <button class="navbar-toggler" type="button" data-bs-toggle="collapse" data-bs-target="#navbar" aria-controls="navbar" aria-expanded="false" aria-label="Toggle navigation">
      <span class="navbar-toggler-icon"></span>
    </button>

    <div id="navbar" class="collapse navbar-collapse ms-3">
      <ul class="navbar-nav me-auto"><li class="active nav-item">
  <a class="nav-link" href="../reference/index.html">Reference</a>
</li>
<li class="nav-item">
  <a class="nav-link" href="../news/index.html">Changelog</a>
</li>
      </ul><form class="form-inline my-2 my-lg-0" role="search">
        <input type="search" class="form-control me-sm-2" aria-label="Toggle navigation" name="search-input" data-search-index="../search.json" id="search-input" placeholder="Search for" autocomplete="off"></form>

      <ul class="navbar-nav"><li class="nav-item">
  <a class="external-link nav-link" href="https://github.com/maialab/grantham/" aria-label="github">
    <span class="fab fa fab fa-github fa-lg"></span>
     
  </a>
</li>
      </ul></div>

    
  </div>
</nav><div class="container template-reference-topic">
<div class="row">
  <main id="main" class="col-md-9"><div class="page-header">
      <img src="../logo.svg" class="logo" alt=""><h1>Grantham distance matrix</h1>
      <small class="dont-index">Source: <a href="https://github.com/maialab/grantham/blob/HEAD/R/grantham_distances_matrix.R" class="external-link"><code>R/grantham_distances_matrix.R</code></a></small>
      <div class="d-none name"><code>grantham_distances_matrix.Rd</code></div>
    </div>

    <div class="ref-description section level2">
    <p>A dataset containing Grantham distances in the format of a matrix. These
values were obtained from Table 2,  Grantham (1974),
doi: <a href="https://doi.org/10.1126/science.185.4154.862" class="external-link">10.1126/science.185.4154.862</a>
.</p>
    </div>

    <div class="section level2">
    <h2 id="ref-usage">Usage<a class="anchor" aria-label="anchor" href="#ref-usage"></a></h2>
    <div class="sourceCode"><pre class="sourceCode r"><code><span class="va">grantham_distances_matrix</span></code></pre></div>
    </div>

    <div class="section level2">
    <h2 id="format">Format<a class="anchor" aria-label="anchor" href="#format"></a></h2>
    <p>An object of class <code>matrix</code> (inherits from <code>array</code>) with 20 rows and 20 columns.</p>
    </div>
    <div class="section level2">
    <h2 id="source">Source<a class="anchor" aria-label="anchor" href="#source"></a></h2>
    <p>Table 2,  Grantham (1974), doi: <a href="https://doi.org/10.1126/science.185.4154.862" class="external-link">10.1126/science.185.4154.862</a>
.</p>
    </div>

    <div class="section level2">
    <h2 id="ref-examples">Examples<a class="anchor" aria-label="anchor" href="#ref-examples"></a></h2>
    <div class="sourceCode"><pre class="sourceCode r"><code><span class="r-in"><span class="va">grantham_distances_matrix</span></span>
<span class="r-out co"><span class="r-pr">#&gt;</span>     Ser Arg Leu Pro Thr Ala Val Gly Ile Phe Tyr Cys His Gln Asn Lys Asp Glu Met</span>
<span class="r-out co"><span class="r-pr">#&gt;</span> Ser   0 110 145  74  58  99 124  56 142 155 144 112  89  68  46 121  65  80 135</span>
<span class="r-out co"><span class="r-pr">#&gt;</span> Arg 110   0 102 103  71 112  96 125  97  97  77 180  29  43  86  26  96  54  91</span>
<span class="r-out co"><span class="r-pr">#&gt;</span> Leu 145 102   0  98  92  96  32 138   5  22  36 198  99 113 153 107 172 138  15</span>
<span class="r-out co"><span class="r-pr">#&gt;</span> Pro  74 103  98   0  38  27  68  42  95 114 110 169  77  76  91 103 108  93  87</span>
<span class="r-out co"><span class="r-pr">#&gt;</span> Thr  58  71  92  38   0  58  69  59  89 103  92 149  47  42  65  78  85  65  81</span>
<span class="r-out co"><span class="r-pr">#&gt;</span> Ala  99 112  96  27  58   0  64  60  94 113 112 195  86  91 111 106 126 107  84</span>
<span class="r-out co"><span class="r-pr">#&gt;</span> Val 124  96  32  68  69  64   0 109  29  50  55 192  84  96 133  97 152 121  21</span>
<span class="r-out co"><span class="r-pr">#&gt;</span> Gly  56 125 138  42  59  60 109   0 135 153 147 159  98  87  80 127  94  98 127</span>
<span class="r-out co"><span class="r-pr">#&gt;</span> Ile 142  97   5  95  89  94  29 135   0  21  33 198  94 109 149 102 168 134  10</span>
<span class="r-out co"><span class="r-pr">#&gt;</span> Phe 155  97  22 114 103 113  50 153  21   0  22 205 100 116 158 102 177 140  28</span>
<span class="r-out co"><span class="r-pr">#&gt;</span> Tyr 144  77  36 110  92 112  55 147  33  22   0 194  83  99 143  85 160 122  36</span>
<span class="r-out co"><span class="r-pr">#&gt;</span> Cys 112 180 198 169 149 195 192 159 198 205 194   0 174 154 139 202 154 170 196</span>
<span class="r-out co"><span class="r-pr">#&gt;</span> His  89  29  99  77  47  86  84  98  94 100  83 174   0  24  68  32  81  40  87</span>
<span class="r-out co"><span class="r-pr">#&gt;</span> Gln  68  43 113  76  42  91  96  87 109 116  99 154  24   0  46  53  61  29 101</span>
<span class="r-out co"><span class="r-pr">#&gt;</span> Asn  46  86 153  91  65 111 133  80 149 158 143 139  68  46   0  94  23  42 142</span>
<span class="r-out co"><span class="r-pr">#&gt;</span> Lys 121  26 107 103  78 106  97 127 102 102  85 202  32  53  94   0 101  56  95</span>
<span class="r-out co"><span class="r-pr">#&gt;</span> Asp  65  96 172 108  85 126 152  94 168 177 160 154  81  61  23 101   0  45 160</span>
<span class="r-out co"><span class="r-pr">#&gt;</span> Glu  80  54 138  93  65 107 121  98 134 140 122 170  40  29  42  56  45   0 126</span>
<span class="r-out co"><span class="r-pr">#&gt;</span> Met 135  91  15  87  81  84  21 127  10  28  36 196  87 101 142  95 160 126   0</span>
<span class="r-out co"><span class="r-pr">#&gt;</span> Trp 177 101  61 147 128 148  88 184  61  40  37 215 115 130 174 110 181 152  67</span>
<span class="r-out co"><span class="r-pr">#&gt;</span>     Trp</span>
<span class="r-out co"><span class="r-pr">#&gt;</span> Ser 177</span>
<span class="r-out co"><span class="r-pr">#&gt;</span> Arg 101</span>
<span class="r-out co"><span class="r-pr">#&gt;</span> Leu  61</span>
<span class="r-out co"><span class="r-pr">#&gt;</span> Pro 147</span>
<span class="r-out co"><span class="r-pr">#&gt;</span> Thr 128</span>
<span class="r-out co"><span class="r-pr">#&gt;</span> Ala 148</span>
<span class="r-out co"><span class="r-pr">#&gt;</span> Val  88</span>
<span class="r-out co"><span class="r-pr">#&gt;</span> Gly 184</span>
<span class="r-out co"><span class="r-pr">#&gt;</span> Ile  61</span>
<span class="r-out co"><span class="r-pr">#&gt;</span> Phe  40</span>
<span class="r-out co"><span class="r-pr">#&gt;</span> Tyr  37</span>
<span class="r-out co"><span class="r-pr">#&gt;</span> Cys 215</span>
<span class="r-out co"><span class="r-pr">#&gt;</span> His 115</span>
<span class="r-out co"><span class="r-pr">#&gt;</span> Gln 130</span>
<span class="r-out co"><span class="r-pr">#&gt;</span> Asn 174</span>
<span class="r-out co"><span class="r-pr">#&gt;</span> Lys 110</span>
<span class="r-out co"><span class="r-pr">#&gt;</span> Asp 181</span>
<span class="r-out co"><span class="r-pr">#&gt;</span> Glu 152</span>
<span class="r-out co"><span class="r-pr">#&gt;</span> Met  67</span>
<span class="r-out co"><span class="r-pr">#&gt;</span> Trp   0</span>
<span class="r-in"></span>
</code></pre></div>
    </div>
  </main><aside class="col-md-3"><nav id="toc"><h2>On this page</h2>
    </nav></aside></div>


    <footer><div class="pkgdown-footer-left">
  <p></p><p>Developed by <a href="https://rmagno.eu/" class="external-link">Ramiro Magno</a>, <a href="http://iduarte.eu/" class="external-link">Isabel Duarte</a>, Ana-Teresa Maia, <a href="https://cintesis.eu/" class="external-link"><img src="https://maialab.org/grantham/reference/figures/cintesis.svg" height="24"></a>.</p>
</div>

<div class="pkgdown-footer-right">
  <p></p><p>Site built with <a href="https://pkgdown.r-lib.org/" class="external-link">pkgdown</a> 2.0.2.</p>
</div>

    </footer></div>

  

  

  </body></html>

